[gd_scene load_steps=7 format=3 uid="uid://bwx78u7hlesfp"]

[ext_resource type="Script" uid="uid://dtj7tneaquy0v" path="res://drone.gd" id="1_1eobg"]
[ext_resource type="Script" uid="uid://daji7esbscd5f" path="res://LidarSensor3D.gd" id="2_3rlx3"]
[ext_resource type="Script" uid="uid://bqbw46l8qmuff" path="res://camera_pivot.gd" id="2_5j1j2"]

[sub_resource type="BoxMesh" id="BoxMesh_etgmo"]

[sub_resource type="StandardMaterial3D" id="StandardMaterial3D_cachy"]
albedo_color = Color(0, 1, 1, 1)

[sub_resource type="BoxShape3D" id="BoxShape3D_1eobg"]

[node name="Drone" type="RigidBody3D"]
mass = 1.5
custom_integrator = true
linear_damp = 0.2
angular_damp = 1.5
script = ExtResource("1_1eobg")
lidar_enabled = false

[node name="model" type="Node3D" parent="."]

[node name="MeshInstance3D" type="MeshInstance3D" parent="model"]
mesh = SubResource("BoxMesh_etgmo")
surface_material_override/0 = SubResource("StandardMaterial3D_cachy")

[node name="CollisionShape3D" type="CollisionShape3D" parent="."]
shape = SubResource("BoxShape3D_1eobg")

[node name="CameraPivot" type="Node3D" parent="."]
script = ExtResource("2_5j1j2")

[node name="Camera3D" type="Camera3D" parent="CameraPivot"]
transform = Transform3D(1, 0, 0, 0, 0.707107, 0.707107, 0, -0.707107, 0.707107, 0, 2, 2)
current = true

[node name="VisionViewport" type="SubViewport" parent="."]
size = Vector2i(160, 120)
render_target_update_mode = 4

[node name="VisionCamera" type="Camera3D" parent="VisionViewport"]
fov = 80.0
near = 0.1
far = 20.0

[node name="Lidar" type="Node3D" parent="."]
transform = Transform3D(1, 0, 0, 0, 1, 0, 0, 0, 1, 0, 0, -0.2)
script = ExtResource("2_3rlx3")
debug_draw_enabled = false

[node name="LidarUp" type="Node3D" parent="."]
transform = Transform3D(1, 0, 0, 0, 0.939693, 0.34202, 0, -0.34202, 0.939693, 0, 0.5, -0.3)
script = ExtResource("2_3rlx3")
debug_draw_enabled = false

[node name="LidarDown" type="Node3D" parent="."]
transform = Transform3D(1, 0, 0, 0, 0.906308, -0.422618, 0, 0.422618, 0.906308, 0, 0, -0.2)
script = ExtResource("2_3rlx3")
debug_draw_enabled = false
